kakuro 10 12
w         (4 NIL)   (15 NIL)  w         w         (18 NIL)  (12 NIL)  (8 NIL)   w         w         (24 NIL)  (23 NIL)  
(NIL 3)   1         2         (7 NIL)   (NIL 15)  4         8         3         w         (24 16)   7         9         
(NIL 6)   3         1         2         (16 7)    2         4         1         (35 24)   7         9         8         
w         (12 11)   3         5         2         1         (17 34)   4         7         9         8         6         
(NIL 14)  9         5         (NIL 23)  6         8         9         (34 14)   6         8         (34 NIL)  (16 NIL)  
(NIL 7)   3         4         (6 15)    1         3         2         4         5         (NIL 17)  8         9         
w         (7 NIL)   (6 6)     2         4         (23 23)   6         8         9         (10 13)   6         7         
(NIL 16)  4         2         1         3         6         (14 30)   6         8         9         7         (10 NIL)  
(NIL 6)   2         1         3         (NIL 23)  8         6         9         (NIL 7)   1         4         2         
(NIL 4)   1         3         w         (NIL 24)  9         8         7         w         (NIL 17)  9         8         
