kakuro 10 12
w         w         (15 NIL)  (3 NIL)   w         w         w         (7 NIL)   (23 NIL)  (12 NIL)  (20 NIL)  (9 NIL)   
w         (NIL 4)   3         1         (7 NIL)   (10 NIL)  (NIL 15)  2         5         4         3         1         
w         (6 11)    5         2         1         3         (15 34)   4         7         8         9         6         
(NIL 3)   1         2         (NIL 15)  4         2         5         1         3         (16 10)   8         2         
(NIL 4)   3         1         (3 6)     2         1         3         (13 17)   8         9         (35 NIL)  (23 NIL)  
(NIL 7)   2         4         1         (11 8)    4         1         3         (23 18)   7         5         6         
w         (23 NIL)  (14 3)    2         1         (11 11)   2         1         8         (NIL 16)  7         9         
(NIL 16)  9         7         (13 16)   3         1         4         2         6         (17 17)   9         8         
(NIL 16)  6         1         4         2         3         (NIL 30)  7         9         8         6         w         
(NIL 35)  8         6         9         5         7         w         w         (NIL 17)  9         8         w         
