kakuro 10 12
w         w         (16 NIL)  (4 NIL)   w         (6 NIL)   (4 NIL)   (15 NIL)  w         w         (6 NIL)   (7 NIL)   
w         (7 7)     4         3         (NIL 9)   1         3         5         w         (16 4)    3         1         
(NIL 7)   4         2         1         (5 7)     2         1         4         (3 6)     3         1         2         
(NIL 3)   2         1         (16 4)    1         3         (8 16)    3         1         6         2         4         
(NIL 10)  1         3         2         4         (15 10)   3         1         2         4         (15 NIL)  w         
w         (NIL 10)  6         4         (3 6)     3         1         2         (4 5)     1         4         (7 NIL)   
w         (6 NIL)   (7 10)    3         1         2         4         (7 12)    1         2         5         4         
(NIL 16)  3         1         6         2         4         (3 4)     1         3         (4 4)     3         1         
(NIL 7)   2         4         1         (NIL 8)   5         1         2         (NIL 6)   3         1         2         
(NIL 3)   1         2         w         (NIL 7)   1         2         4         (NIL 3)   1         2         w         
