kakuro 10 12
w         w         w         (7 NIL)   (21 NIL)  w         w         (29 NIL)  (17 NIL)  w         (29 NIL)  (23 NIL)  
w         w         (6 4)     1         3         w         (16 17)   8         9         (14 16)   7         9         
w         (4 6)     3         2         1         (3 39)    9         7         8         4         5         6         
(NIL 28)  3         1         4         6         2         7         5         (22 24)   7         9         8         
(NIL 3)   1         2         (10 3)    2         1         (NIL 20)  9         1         2         8         w         
w         w         (11 9)    4         5         (10 NIL)  w         (10 4)    3         1         (24 NIL)  (16 NIL)  
w         (7 10)    2         1         4         3         (9 3)     1         2         (23 16)   7         9         
(NIL 6)   2         1         3         (4 42)    4         3         9         5         6         8         7         
(NIL 21)  4         5         2         3         1         6         (NIL 21)  4         8         9         w         
(NIL 4)   1         3         (NIL 3)   1         2         w         (NIL 16)  7         9         w         w         
